Paweł Kowalski
1, 2, 1, 2, 1, 2, 1, 2, 1, 2, 1, 2, 1, 2, 1, 2, 1, 2, 1, 2
Krzysztof Król
1, 9, 1, 9, 1, 9, 1, 9, 1, 9, 1, 9, 1, 9, 1, 9, 1, 9, 1, 9, 9
Izabela Kania
4, 4, 4, 4, 4, 4, 4, 4, 4, 4, 4, 4, 4, 4, 4, 4, 4, 4, 4, 4
Anna Kania
1, 6, 3, 4, 5, 5, 4, 5, 6, 4, 10, 0, 10, 0, 9, 1, 1, 3, 8, 2, 1
Tomasz Kowalski
0, 0, 0, 0, 1, 7, 10, 0, 10, 0, 10, 0, 10, 0, 9, 0, 10, 0, 10, 10, 10
Monika Mistrz
10, 0, 10, 0, 10, 0, 10, 0, 10, 0, 10, 0, 10, 0, 10, 0, 10, 0, 10, 0, 10, 10
Tymoteusz Nowicjusz
0, 0, 0, 0, 0, 0, 0, 0, 0, 0, 0, 0, 0, 0, 0, 0, 0, 0, 0, 0
Adam Mazurkiewicz
9, 1, 9, 1, 9, 1, 9, 1, 9, 1, 9, 1, 9, 1, 9, 1, 9, 1, 9, 1, 9